Replica0

0

0

0

0

0

0

0

0

0

0

0

0

0

0

0

0

0

0

0

0

0

0

0

0

0

0

0

0

6,25

0

0

0

0

0

6,25

0

4

4

0

4

4

4

4

8

4

4

8

8

2,77777777777778

8,33333333333333

2,77777777777778

2,77777777777778

8,33333333333333

5,55555555555556

2,77777777777778

5,55555555555556

2,77777777777778

2,77777777777778

5,55555555555556

2,77777777777778

2,04081632653061

6,12244897959184

4,08163265306122

4,08163265306122

8,16326530612245

8,16326530612245

4,08163265306122

8,16326530612245

6,12244897959184

6,12244897959184

14,2857142857143

12,2448979591837

3,125

4,6875

3,125

4,6875

7,8125

6,25

3,125

4,6875

3,125

3,125

6,25

4,6875

3,7037037037037

6,17283950617284

4,93827160493827

6,17283950617284

11,1111111111111

8,64197530864197

3,7037037037037

9,87654320987654

7,40740740740741

3,7037037037037

8,64197530864197

7,40740740740741

3

6

5

5

9

7

4

6

5

4

6

6

3,30578512396694

8,26446280991735

4,95867768595041

4,95867768595041

9,91735537190083

7,43801652892562

6,61157024793388

9,09090909090909

6,61157024793388

5,78512396694215

9,91735537190083

7,43801652892562

3,47222222222222

6,94444444444444

4,86111111111111

4,86111111111111

9,02777777777778

5,55555555555556

4,16666666666667

5,55555555555556

4,16666666666667

4,16666666666667

6,94444444444444

6,25

3,55029585798817

6,50887573964497

4,73372781065089

5,32544378698225

10,0591715976331

13,0177514792899

4,73372781065089

9,46745562130178

6,50887573964497

4,14201183431953

9,46745562130178

7,69230769230769

3,57142857142857

7,14285714285714

5,61224489795918

4,59183673469388

9,18367346938776

5,10204081632653

4,08163265306122

6,63265306122449

5,10204081632653

4,08163265306122

8,16326530612245

6,63265306122449

3,55555555555556

9,33333333333333

8,44444444444444

4,88888888888889

10,6666666666667

6,22222222222222

4

8

6,22222222222222

4,44444444444444

9,33333333333333

8

3,90625

7,03125

5,859375

5,078125

10,15625

6,25

4,296875

7,8125

7,03125

4,296875

9,375

8,203125

3,80622837370242

8,99653979238754

7,61245674740484

4,84429065743945

10,3806228373702

6,22837370242215

4,49826989619377

9,68858131487889

7,95847750865052

4,49826989619377

9,68858131487889

8,30449826989619

3,7037037037037

7,71604938271605

5,8641975308642

4,93827160493827

8,95061728395062

6,17283950617284

4,32098765432099

7,40740740740741

5,8641975308642

4,93827160493827

8,95061728395062

6,79012345679012

Replica1

0

0

0

0

0

0

0

0

0

0

0

0

0

0

0

0

0

0

0

0

0

0

0

0

0

0

0

0

0

0

0

0

0

0

0

0

0

4

0

4

4

4

4

4

0

4

4

0

2,77777777777778

2,77777777777778

2,77777777777778

2,77777777777778

5,55555555555556

2,77777777777778

2,77777777777778

2,77777777777778

2,77777777777778

2,77777777777778

2,77777777777778

2,77777777777778

2,04081632653061

4,08163265306122

2,04081632653061

4,08163265306122

6,12244897959184

4,08163265306122

4,08163265306122

4,08163265306122

2,04081632653061

4,08163265306122

4,08163265306122

2,04081632653061

3,125

3,125

3,125

4,6875

9,375

6,25

3,125

3,125

3,125

4,6875

6,25

3,125

3,7037037037037

3,7037037037037

2,46913580246914

4,93827160493827

7,40740740740741

4,93827160493827

3,7037037037037

4,93827160493827

2,46913580246914

3,7037037037037

6,17283950617284

3,7037037037037

3

4

3

5

8

5

4

5

3

4

6

4

3,30578512396694

5,78512396694215

4,95867768595041

4,95867768595041

9,91735537190083

9,09090909090909

4,13223140495868

5,78512396694215

3,30578512396694

4,13223140495868

7,43801652892562

6,61157024793388

3,47222222222222

5,55555555555556

3,47222222222222

4,86111111111111

8,33333333333333

5,55555555555556

4,16666666666667

5,55555555555556

3,47222222222222

4,16666666666667

6,94444444444444

7,63888888888889

3,55029585798817

6,50887573964497

4,73372781065089

4,73372781065089

9,46745562130178

8,87573964497041

4,14201183431953

7,10059171597633

4,14201183431953

4,14201183431953

8,87573964497041

7,69230769230769

3,57142857142857

8,6734693877551

6,12244897959184

4,59183673469388

8,6734693877551

8,16326530612245

4,08163265306122

6,63265306122449

5,10204081632653

4,08163265306122

8,6734693877551

7,14285714285714

4,44444444444444

9,33333333333333

7,11111111111111

4,88888888888889

10,2222222222222

6,66666666666667

4

8

7,11111111111111

4

9,33333333333333

8,88888888888889

3,515625

7,03125

5,859375

5,078125

12,109375

8,984375

4,296875

7,421875

6,640625

4,296875

8,59375

7,421875

3,46020761245675

8,30449826989619

7,61245674740484

4,84429065743945

10,7266435986159

6,9204152249135

4,1522491349481

8,65051903114187

7,95847750865052

4,49826989619377

10,0346020761246

8,30449826989619

3,7037037037037

7,40740740740741

5,8641975308642

5,55555555555556

9,5679012345679

5,8641975308642

4,32098765432099

7,40740740740741

5,8641975308642

4,32098765432099

8,33333333333333

6,79012345679012

Replica2

0

0

0

0

0

0

0

0

0

0

0

0

0

0

0

0

0

0

0

0

0

0

0

0

0

0

0

0

0

0

0

0

0

0

0

0

4

4

0

4

8

8

4

4

0

4

4

0

2,77777777777778

2,77777777777778

2,77777777777778

2,77777777777778

5,55555555555556

2,77777777777778

2,77777777777778

2,77777777777778

2,77777777777778

2,77777777777778

2,77777777777778

2,77777777777778

2,04081632653061

4,08163265306122

2,04081632653061

4,08163265306122

6,12244897959184

4,08163265306122

4,08163265306122

4,08163265306122

2,04081632653061

4,08163265306122

4,08163265306122

2,04081632653061

3,125

3,125

3,125

4,6875

6,25

3,125

3,125

4,6875

3,125

3,125

4,6875

3,125

3,7037037037037

3,7037037037037

2,46913580246914

4,93827160493827

7,40740740740741

3,7037037037037

3,7037037037037

4,93827160493827

2,46913580246914

3,7037037037037

6,17283950617284

3,7037037037037

3

6

5

5

8

6

4

5

3

4

6

5

3,30578512396694

4,95867768595041

3,30578512396694

4,95867768595041

8,26446280991735

5,78512396694215

4,13223140495868

5,78512396694215

3,30578512396694

4,13223140495868

7,43801652892562

6,61157024793388

3,47222222222222

6,94444444444444

4,16666666666667

4,86111111111111

8,33333333333333

5,55555555555556

4,16666666666667

6,25

4,16666666666667

4,16666666666667

6,94444444444444

6,25

3,55029585798817

6,50887573964497

4,14201183431953

4,73372781065089

9,46745562130178

5,32544378698225

4,73372781065089

9,46745562130178

7,10059171597633

4,14201183431953

8,87573964497041

7,69230769230769

3,57142857142857

6,63265306122449

5,10204081632653

4,59183673469388

8,6734693877551

5,61224489795918

4,59183673469388

7,6530612244898

5,61224489795918

5,10204081632653

8,16326530612245

6,63265306122449

3,55555555555556

7,55555555555556

6,22222222222222

4,88888888888889

10,2222222222222

5,77777777777778

4,88888888888889

9,77777777777778

8,44444444444444

4,44444444444444

9,33333333333333

8

3,90625

7,421875

5,859375

5,46875

11,328125

6,25

4,296875

7,421875

5,859375

4,296875

9,375

7,421875

3,80622837370242

9,68858131487889

7,61245674740484

4,84429065743945

10,3806228373702

5,88235294117647

4,1522491349481

8,65051903114187

7,61245674740484

4,84429065743945

10,3806228373702

7,95847750865052

3,7037037037037

7,40740740740741

5,55555555555556

5,24691358024691

9,5679012345679

7,71604938271605

4,32098765432099

7,40740740740741

5,8641975308642

4,32098765432099

8,33333333333333

6,79012345679012

Replica3

0

0

0

0

0

0

0

0

0

0

0

0

0

0

0

0

0

0

0

0

0

0

0

0

0

0

0

6,25

6,25

0

0

0

0

0

0

0

4

8

4

4

4

4

4

4

0

4

4

4

2,77777777777778

2,77777777777778

2,77777777777778

2,77777777777778

5,55555555555556

2,77777777777778

2,77777777777778

2,77777777777778

2,77777777777778

2,77777777777778

2,77777777777778

2,77777777777778

2,04081632653061

4,08163265306122

2,04081632653061

4,08163265306122

6,12244897959184

4,08163265306122

4,08163265306122

4,08163265306122

4,08163265306122

4,08163265306122

4,08163265306122

2,04081632653061

3,125

3,125

3,125

4,6875

6,25

3,125

3,125

4,6875

3,125

3,125

4,6875

3,125

3,7037037037037

3,7037037037037

2,46913580246914

4,93827160493827

7,40740740740741

4,93827160493827

3,7037037037037

4,93827160493827

2,46913580246914

3,7037037037037

6,17283950617284

4,93827160493827

4

5

3

5

7

6

4

4

3

4

6

5

3,30578512396694

4,95867768595041

3,30578512396694

4,95867768595041

9,09090909090909

5,78512396694215

4,13223140495868

4,95867768595041

3,30578512396694

4,13223140495868

7,43801652892562

6,61157024793388

4,16666666666667

6,94444444444444

4,16666666666667

4,86111111111111

8,33333333333333

5,55555555555556

4,16666666666667

5,55555555555556

3,47222222222222

4,16666666666667

6,94444444444444

6,25

3,55029585798817

6,50887573964497

4,14201183431953

4,73372781065089

10,0591715976331

5,91715976331361

4,14201183431953

8,28402366863905

4,73372781065089

4,14201183431953

8,87573964497041

7,69230769230769

3,57142857142857

6,63265306122449

4,59183673469388

4,59183673469388

8,6734693877551

5,10204081632653

5,10204081632653

8,16326530612245

5,61224489795918

4,08163265306122

7,6530612244898

6,63265306122449

3,55555555555556

7,55555555555556

6,22222222222222

4,88888888888889

10,2222222222222

5,77777777777778

4,88888888888889

9,77777777777778

7,11111111111111

4

9,33333333333333

8

3,90625

7,03125

5,859375

5,46875

10,15625

7,421875

4,296875

7,03125

6,640625

4,296875

8,59375

7,421875

3,80622837370242

8,65051903114187

7,61245674740484

4,84429065743945

10,7266435986159

6,57439446366782

4,49826989619377

9,34256055363322

7,95847750865052

4,1522491349481

9,68858131487889

7,95847750865052

4,01234567901235

7,71604938271605

5,8641975308642

5,24691358024691

9,25925925925926

6,17283950617284

4,32098765432099

7,71604938271605

6,48148148148148

4,93827160493827

8,33333333333333

6,79012345679012

Replica4

0

0

0

0

0

0

0

0

0

0

0

0

0

0

0

0

0

0

0

0

0

0

0

0

0

0

0

0

0

0

0

0

0

0

0

0

0

4

0

4

4

4

4

4

0

4

4

0

2,77777777777778

2,77777777777778

2,77777777777778

2,77777777777778

5,55555555555556

2,77777777777778

2,77777777777778

2,77777777777778

2,77777777777778

2,77777777777778

2,77777777777778

2,77777777777778

4,08163265306122

4,08163265306122

2,04081632653061

4,08163265306122

6,12244897959184

4,08163265306122

4,08163265306122

4,08163265306122

2,04081632653061

4,08163265306122

4,08163265306122

2,04081632653061

3,125

3,125

3,125

4,6875

9,375

4,6875

3,125

4,6875

3,125

4,6875

6,25

4,6875

3,7037037037037

3,7037037037037

2,46913580246914

4,93827160493827

7,40740740740741

4,93827160493827

3,7037037037037

4,93827160493827

2,46913580246914

3,7037037037037

6,17283950617284

3,7037037037037

3

4

3

5

7

5

4

5

3

4

6

5

3,30578512396694

6,61157024793388

4,13223140495868

4,95867768595041

10,7438016528926

5,78512396694215

4,13223140495868

4,95867768595041

3,30578512396694

4,13223140495868

7,43801652892562

6,61157024793388

3,47222222222222

5,55555555555556

3,47222222222222

4,86111111111111

8,33333333333333

4,86111111111111

4,16666666666667

5,55555555555556

3,47222222222222

4,16666666666667

6,94444444444444

6,94444444444444

3,55029585798817

7,10059171597633

4,14201183431953

4,73372781065089

9,46745562130178

5,32544378698225

4,14201183431953

7,10059171597633

4,14201183431953

4,14201183431953

8,87573964497041

7,69230769230769

4,08163265306122

8,16326530612245

5,61224489795918

4,59183673469388

8,6734693877551

5,10204081632653

4,08163265306122

6,63265306122449

5,10204081632653

4,08163265306122

7,6530612244898

6,63265306122449

3,55555555555556

7,55555555555556

8,44444444444444

5,33333333333333

10,2222222222222

12

4,44444444444444

7,55555555555556

7,11111111111111

4

9,33333333333333

8

3,90625

7,421875

5,859375

5,078125

10,15625

6,25

4,296875

7,421875

7,03125

4,296875

10,15625

7,8125

4,1522491349481

9,34256055363322

7,61245674740484

4,84429065743945

10,7266435986159

10,0346020761246

4,1522491349481

8,99653979238754

7,61245674740484

4,1522491349481

9,68858131487889

7,95847750865052

3,7037037037037

7,40740740740741

5,55555555555556

4,93827160493827

8,95061728395062

5,8641975308642

4,32098765432099

7,40740740740741

5,8641975308642

4,93827160493827

8,64197530864197

7,09876543209877

